0
9 6 12 6 2 6 3 5 12 3 8 6 10 5 1   1   0.852422
0 0 0 0 0 0 0 1 0 0 0 0 0 6 0   1   0.97774
0 7 0 0 0 0 0 0 0 0 0 0 0 5 1   1   0.612903
5 3 0 0 0 0 0 0 3 0 5 0 6 1 1   1   0.612903
5 1 1 12 10 3 3 0 0 1 0 2 7 6 1   1   0.741122
1
0 11 13 1 12 9 3 7 9 2 10 5 11 6 1   1   0.826175
0 0 0 0 0 0 0 1 0 0 0 0 0 0 0   1   0.614035
2
7 8 10 8 7 7 3 1 0 8 2 10 13 8 0   1   0.514644
0 0 0 0 0 0 0 6 0 0 0 0 1 6 0   1   0.767585
0 0 0 0 0 0 7 0 0 0 0 0 0 0 1   1   0.731383
0 0 0 4 12 7 11 0 0 0 0 0 0 0 1   1   0.526823
0 0 0 0 2 0 0 5 0 0 0 0 0 10 1   1   0.933842
3
0 0 0 0 0 0 10 10 0 3 0 1 3 10 0   1   0.965629
0 0 0 0 0 0 0 0 0 0 0 0 0 0 1   1   0.765344
