0.985185 0.984848 0.985507 0.985178 6 11 1 1 1 1 
0.985185 0.985156 0.985156 0.985156 7 18 1 1 1 1 
0.992593 0.99187 0.993464 0.992666 8 19 1 1 1 1 
0.885417 0.99187 0.993464 0.992666 2 0 1 1 1 1 
1 1 1 1 5 9 0.933333 0.952381 0.933333 0.942761 
1 1 1 1 6 18 1 1 1 1 
0.985185 0.986395 0.985185 0.98579 5 8 1 1 1 1 
0.992537 0.992248 0.993056 0.992652 5 9 0.866667 0.866667 0.888889 0.877637 
0.992537 0.99187 0.992754 0.992312 5 16 0.923077 0.944444 0.916667 0.930348 
0.992366 0.992754 0.99187 0.992312 4 8 0.933333 0.916667 0.952381 0.934183 
0.981101 0.877853 0.88998 0.883822 5.3 11.6 0.965641 0.968016 0.969127 0.968493 
