0
1 0 0 13 2   1   0.84589
0 1 13 0 2   1   0.766637
0 3 0 8 2   1   0.616702
0 0 3 4 1   1   0.604396
3 0 0 10 0   1   1
0 0 7 0 1   1   0.729521
1
0 3 4 8 2   1   0.610022
0 0 13 0 2   1   0.766637
11 4 10 6 0   1   1
1 0 0 6 0   1   1
3 0 4 1 1   1   0.633641
0 0 7 0 1   1   0.729521
1 1 9 13 2   1   0.991409
2
0 0 1 10 0   1   1
0 12 1 5 2   1   0.875776
3 3 0 11 1   1   0.9
0 3 0 8 2   1   0.616702
0 0 13 0 2   1   0.766637
0 0 7 4 1   1   0.795144
12 0 1 13 2   1   0.803354
3 11 8 0 1   1   0.636752
3
0 4 0 14 2   1   1
0 0 0 10 0   1   1
0 0 4 3 1   1   0.655897
4
0 0 13 0 2   1   0.766637
1 3 4 8 2   1   0.610022
0 0 7 1 1   1   0.729521
0 0 0 6 0   1   1
0 0 0 13 2   1   0.848993
5
0 3 1 8 2   1   0.610022
3 4 6 10 0   1   1
0 0 7 1 1   1   0.729521
4 0 8 2 2   1   0.609402
4 0 0 13 2   1   0.841549
2 12 2 8 2   1   0.600602
6
0 0 0 6 0   1   1
1 1 13 0 2   1   0.762454
0 0 0 7 1   1   0.786885
0 0 0 13 2   1   0.848993
0 4 12 0 1   1   0.673301
7
0 3 0 8 2   1   0.616702
0 0 12 12 1   1   0.846404
0 4 0 3 0   1   0.878931
0 0 0 13 2   1   0.848993
0 10 11 0 1   1   0.971765
8
0 4 13 8 2   1   0.732488
1 0 0 6 0   1   1
8 1 13 4 2   1   0.741034
1 4 0 12 1   1   0.74269
7 11 4 13 2   1   0.842105
9
1 0 0 8 2   1   0.629371
8 11 8 0 2   1   0.619093
0 0 7 0 1   1   0.729521
0 1 3 0 0   1   0.816667
