0
3 13 1 6 0   1   1
0 0 0 8 2   1   0.634483
0 0 13 0 2   1   0.766637
1 0 7 12 1   1   0.895105
3 0 7 0 1   1   0.676276
3 0 0 6 0   1   1
11 11 0 0 1   1   0.639031
1
0 0 0 13 2   1   0.848993
0 4 5 0 2   1   0.795828
0 3 0 8 2   1   0.616702
1 0 7 7 1   1   0.864671
0 0 6 0 0   1   1
0 1 13 1 2   1   0.753623
3 0 12 1 1   1   0.757601
2
8 0 7 0 1   1   0.871745
4 0 13 0 2   1   0.762286
9 0 1 1 2   1   0.934783
3 3 7 7 1   1   0.965554
4 1 0 13 2   1   0.841549
7 0 0 13 2   1   0.802326
7 4 12 12 1   1   0.840963
0 8 0 0 0   1   0.618605
0 9 0 0 0   1   0.909091
0 4 10 0 0   1   1
8 0 0 12 1   1   0.655556
11 10 4 13 2   1   1
0 0 6 0 0   1   1
3
0 3 0 8 2   1   0.616702
0 7 0 6 0   1   1
0 7 7 0 1   1   0.742776
6 0 0 6 0   1   1
0 0 1 13 2   1   0.84589
0 3 7 0 1   1   0.83017
0 1 4 9 2   1   0.993976
3 11 0 4 1   1   0.713024
1 13 1 6 0   1   1
8 0 8 4 2   1   0.636236
4
0 12 12 12 1   1   0.871212
0 0 5 0 2   1   0.803813
0 0 1 8 2   1   0.629371
1 0 7 0 1   1   0.729521
0 0 0 6 0   1   1
0 0 13 0 2   1   0.766637
5
11 11 11 0 1   1   0.705868
0 1 10 6 0   1   1
3 4 12 0 1   1   0.76869
0 0 0 8 2   1   0.634483
12 7 7 4 1   1   0.86572
0 0 0 14 2   1   1
7 0 13 0 2   1   0.696346
11 11 0 0 1   1   0.639031
1 1 7 7 1   1   0.868734
6
2 1 13 0 2   1   0.710142
1 3 4 8 2   1   0.610022
0 1 0 13 2   1   0.848993
1 0 7 0 1   1   0.729521
0 0 6 0 0   1   1
0 1 0 8 2   1   0.634483
0 3 13 1 2   1   0.738742
1 1 4 5 2   1   0.88491
7
13 0 0 0 2   1   0.751773
0 0 0 10 0   1   1
0 3 7 7 1   1   0.974926
0 0 0 13 2   1   0.848993
0 4 0 12 1   1   0.74269
8
0 3 0 8 2   1   0.616702
0 0 0 10 0   1   1
0 0 13 0 2   1   0.766637
0 1 0 13 2   1   0.848993
6 11 4 4 1   1   0.709053
0 1 7 0 1   1   0.732351
9
0 0 0 8 2   1   0.634483
0 0 7 1 1   1   0.729521
8 0 0 4 2   1   0.626935
0 0 3 0 0   1   0.819672
