0.985185 0.984848 0.985507 0.985178 7 15 1 1 1 1 
0.985185 0.985156 0.985156 0.985156 7 15 1 1 1 1 
0.992593 0.99187 0.993464 0.992666 13 31 1 1 1 1 
1 1 1 1 10 25 0.857143 0.833333 0.833333 0.833333 
1 1 1 1 6 10 0.933333 0.952381 0.933333 0.942761 
1 1 1 1 9 23 1 1 1 1 
0.985185 0.985445 0.985445 0.985445 8 21 1 1 1 1 
0.992593 0.993056 0.992424 0.99274 5 8 0.933333 0.933333 0.933333 0.933333 
0.992593 0.992063 0.992754 0.992408 6 12 1 1 1 1 
0.992593 0.992754 0.992593 0.992673 4 6 0.933333 0.916667 0.952381 0.934183 
0.992593 0.883858 0.89835 0.890976 7.5 16.6 0.965714 0.963571 0.965238 0.964361 
