0
0 12 8 0 2   1   0.614695
0 3 0 8 2   1   0.616702
0 1 7 0 1   1   0.732351
0 0 3 0 0   1   0.819672
11 0 12 4 1   1   0.756874
1
0 6 6 6 0   1   1
11 13 6 1 0   1   1
10 8 6 0 0   1   1
0 11 0 10 0   1   1
0 3 0 8 2   1   0.616702
4 0 3 0 0   1   0.752665
8 1 4 8 2   1   0.668659
5 0 0 13 2   1   0.859532
0 12 13 0 2   1   0.733132
0 0 7 0 1   1   0.729521
0 0 1 13 2   1   0.84589
0 3 13 1 2   1   0.738742
11 11 1 0 1   1   0.639031
0 7 0 6 0   1   1
2
11 8 3 1 0   1   0.995824
0 0 0 5 2   1   0.889706
1 0 10 3 0   1   1
0 0 8 8 2   1   0.634817
0 3 0 8 2   1   0.616702
1 6 7 11 1   1   0.989222
11 11 11 7 1   1   0.874162
7 7 7 1 1   1   0.721993
0 0 13 0 2   1   0.766637
4 0 7 0 1   1   0.713944
11 11 0 0 1   1   0.639031
3
1 3 1 8 2   1   0.610022
0 0 13 8 2   1   0.75306
0 0 0 6 0   1   1
0 0 13 2 2   1   0.746616
0 1 0 13 2   1   0.848993
0 0 7 1 1   1   0.729521
0 0 13 0 2   1   0.766637
4
0 3 0 8 2   1   0.616702
0 0 7 1 1   1   0.729521
0 0 3 1 0   1   0.819672
0 0 13 0 2   1   0.766637
0 0 0 13 2   1   0.848993
5
0 4 13 0 2   1   0.746691
0 3 0 8 2   1   0.616702
0 0 7 0 1   1   0.729521
0 0 3 0 0   1   0.819672
8 0 0 0 2   1   0.642647
6
11 4 12 0 1   1   0.76869
0 1 0 8 2   1   0.634483
7 4 12 0 1   1   0.675346
0 1 13 0 2   1   0.766637
7 1 7 1 1   1   0.710722
0 1 1 10 0   1   1
0 0 7 0 1   1   0.729521
7
8 0 5 1 2   1   0.790682
7 4 7 4 1   1   0.733854
0 0 1 8 2   1   0.629371
0 1 13 0 2   1   0.766637
11 7 12 12 1   1   0.868057
10 7 10 6 0   1   1
0 0 7 0 1   1   0.729521
0 1 6 0 0   1   1
8
0 12 10 10 0   1   1
0 0 13 0 2   1   0.766637
0 0 0 13 2   1   0.848993
11 0 6 10 0   1   1
7 12 8 12 1   1   0.739097
12 4 12 2 1   1   0.603586
9
0 0 13 0 2   1   0.766637
6 1 1 10 0   1   1
0 0 0 8 2   1   0.634483
0 1 7 0 1   1   0.732351
