0.985185 0.984848 0.984848 0.984848 5 10 1 1 1 1 
0.992593 0.992248 0.993056 0.992652 14 35 1 1 1 1 
0.992593 0.99187 0.993464 0.992666 11 29 1 1 1 1 
0.992593 0.991453 0.993827 0.992639 7 14 0.933333 0.944444 0.916667 0.930348 
1 1 1 1 5 8 0.933333 0.952381 0.933333 0.942761 
0.992593 0.993464 0.991667 0.992565 5 7 1 1 1 1 
0.985185 0.985445 0.985445 0.985445 7 18 1 1 1 1 
1 1 1 1 8 22 1 1 1 1 
0.992593 0.992063 0.992754 0.992408 6 16 0.928571 0.933333 0.944444 0.938856 
0.992593 0.992754 0.992593 0.992673 4 8 0.8 0.783333 0.819048 0.800792 
0.992593 0.865592 0.879944 0.872657 7.2 16.7 0.959524 0.961349 0.961349 0.961276 
