0
4 0 4 0 0   1   0.627449
11 0 0 8 1   1   0.909159
1
3 0 1 0 1   1   0.833052
0 0 0 0 0   1   0.555394
2
2 4 4 4 0   1   0.609694
3 0 0 1 1   1   0.833333
3
11 0 1 1 1   1   0.82226
4 2 1 0 0   1   0.660622
4
10 0 0 0 1   1   0.991379
3 7 0 0 1   1   0.945324
8 0 11 0 0   1   0.83348
0 2 10 2 0   1   0.573656
5
11 0 0 0 1   1   0.822579
0 12 11 5 0   1   0.587147
4 0 0 0 0   1   0.627449
6
4 0 0 0 0   1   0.627449
11 0 0 4 1   1   0.862853
0 0 0 6 0   1   0.526882
7
11 12 1 0 1   1   0.922839
3 0 0 0 1   1   0.833333
0 0 3 11 0   1   0.60207
4 8 0 0 0   1   0.690014
8
3 0 0 1 1   1   0.833333
2 2 11 0 0   1   0.692855
9
3 0 0 0 1   1   0.833333
8 0 0 0 0   1   0.81732
