0
481 0 0 0 0 
39 0 0 0 0 
6 0 0 0 0 
11 0 0 0 0 
12 0 0 0 0 
1
496 0 0 0 0 
35 0 0 0 0 
1 0 0 0 0 
10 0 0 0 0 
7 0 0 0 0 
2
489 0 0 0 0 
38 0 0 0 0 
4 0 0 0 0 
4 0 0 0 0 
14 0 0 0 0 
3
487 0 0 0 0 
30 0 0 0 0 
3 0 0 0 0 
13 0 0 0 0 
14 0 0 0 0 
4
502 0 0 0 0 
30 0 0 0 0 
1 0 0 0 0 
7 0 0 0 0 
8 0 0 0 0 
5
495 0 0 0 0 
35 0 0 0 0 
0 0 0 0 0 
4 0 0 0 0 
15 0 0 0 0 
6
497 0 0 0 0 
30 0 0 0 0 
2 0 0 0 0 
8 0 0 0 0 
9 0 0 0 0 
7
502 0 0 0 0 
29 0 0 0 0 
0 0 0 0 0 
9 0 0 0 0 
7 0 0 0 0 
8
490 0 0 0 0 
29 0 0 0 0 
1 0 0 0 0 
10 0 0 0 0 
15 0 0 0 0 
9
488 0 0 0 0 
35 0 0 0 0 
5 0 0 0 0 
12 0 0 0 0 
8 0 0 0 0 
